default first row
5.737998098612112
7.340251376181298
20.70364120326537
11.349116241209057
7.348375934918527
17.280057181868887
7.6283277981222435
12.429107368767838
19.609697783218603
8.231057227534626
14.580899700492667
4.045810456806551
5.966515355061828
3.1465534496067105
9.995106027492456
2.4482656936120715
2.1778063731249553
2.8114305555182657
8.36827089325918
2.619745821654643
7.678569057415241
8.075422596008947
2.1335461718660222
17.300155193119753
2.994356554866671
2.2692964834137053
4.818601345362334
1.9264375282746036
1.682281681784949
3.170762607234515
2.7964824495816383
1.6774561612235106
3.9521938850550833
1.5878832451862834
1.4242695813257538
2.753926992324593
8.337887947224516
1.4396155070328642
5.470219575693994
1.6366562075369764
1.3821686114596408
17.16433124821041
2.1608533487924815
1.3616909817378038
21.24068133031036
1.5732243596560471
3.4241933098831114
1.6321543818495532
2.3439436393868265
1.3564838101040482
7.174837170353408
2.131608137714305
3.139520413632959
3.175180684232656
8.245440618652413
14.522026613773921
5.166539102618739
24.195948829507444
10.330694669382547
1.8609309408263515
2.653457762294378
5.284987229820807
16.654325590162124
5.498166987537017
6.66776282182783
5.788540343875832
1.818252848445484
1.4697964419200782
2.6996742735018846
1.8774093457931182
2.4339332152170123
3.625112218655468