1.70937500000000
1.70937500000000
1.70937500000000
1.70937500000000
1.70937500000000
1.70937500000000
1.70937500000000
1.70937500000000
1.70937500000000
1.70937500000000
1.70937500000000
1.70937500000000
1.70937500000000
1.70937500000000
1.70937500000000
1.70937500000000
1.70937500000000
1.70937500000000
1.70937500000000
1.70937500000000
1.70937500000000
1.70937500000000
2.94335937500000
2.94335937500000
2.94335937500000
2.94335937500000
2.94335937500000
2.94335937500000
2.91171875000000
2.91171875000000
2.91171875000000
2.84843750000000
2.84843750000000
2.84843750000000
2.84843750000000
2.84843750000000
2.84843750000000
2.72187500000000
1.89921875000000
1.89921875000000
1.83593750000000
1.83593750000000
1.83593750000000
1.70937500000000
1.07656250000000
1.07656250000000
1.07656250000000
1.07656250000000
1.07656250000000
1.20312500000000
1.20312500000000
1.20312500000000
1.20312500000000
1.20312500000000
1.20312500000000
1.45625000000000
2.21562500000000
2.21562500000000
1.96250000000000
1.96250000000000
2.97500000000000
2.97500000000000
2.97500000000000
2.97500000000000
2.97500000000000
2.97500000000000
2.97500000000000
2.97500000000000
2.97500000000000
2.97500000000000
2.97500000000000