1.43125000000000
1.43125000000000
1.43125000000000
1.43125000000000
1.43125000000000
1.43125000000000
1.43125000000000
1.43125000000000
1.43125000000000
1.43125000000000
1.43125000000000
1.43125000000000
1.43125000000000
1.43125000000000
1.43125000000000
1.43125000000000
1.43125000000000
1.43125000000000
1.43125000000000
1.43125000000000
1.43125000000000
1.43125000000000
1.03515625000000
1.03515625000000
1.03515625000000
1.03515625000000
1.03515625000000
1.03515625000000
1.04531250000000
1.04531250000000
1.04531250000000
1.06562500000000
1.06562500000000
1.06562500000000
1.06562500000000
1.06562500000000
1.06562500000000
1.10625000000000
0.720312500000000
0.720312500000000
0.740625000000000
0.740625000000000
0.740625000000000
0.781250000000000
0.740625000000000
0.740625000000000
0.740625000000000
0.740625000000000
0.740625000000000
0.781250000000000
0.781250000000000
0.781250000000000
0.781250000000000
0.781250000000000
0.781250000000000
0.862500000000000
1.10625000000000
1.10625000000000
1.02500000000000
1.02500000000000
1.35000000000000
1.35000000000000
1.35000000000000
1.35000000000000
1.35000000000000
1.35000000000000
1.35000000000000
1.35000000000000
1.35000000000000
1.35000000000000
1.35000000000000