375.625000000000
375.625000000000
375.625000000000
375.625000000000
375.625000000000
375.625000000000
375.625000000000
375.625000000000
375.625000000000
375.625000000000
375.625000000000
375.625000000000
375.625000000000
375.625000000000
375.625000000000
375.625000000000
375.625000000000
375.625000000000
375.625000000000
375.625000000000
375.625000000000
375.625000000000
323.828125000000
323.828125000000
323.828125000000
323.828125000000
323.828125000000
323.828125000000
320.781250000000
320.781250000000
320.781250000000
314.687500000000
314.687500000000
314.687500000000
314.687500000000
314.687500000000
314.687500000000
326.875000000000
357.343750000000
357.343750000000
363.437500000000
363.437500000000
363.437500000000
375.625000000000
265.937500000000
265.937500000000
265.937500000000
265.937500000000
265.937500000000
278.125000000000
278.125000000000
278.125000000000
278.125000000000
278.125000000000
278.125000000000
253.750000000000
83.1250000000000
83.1250000000000
302.500000000000
302.500000000000
205
205
205
205
205
205
205
205
205
205
205