0.482500000000000
0.482500000000000
0.482500000000000
0.482500000000000
0.482500000000000
0.482500000000000
0.482500000000000
0.482500000000000
0.482500000000000
0.482500000000000
0.482500000000000
0.482500000000000
0.482500000000000
0.482500000000000
0.482500000000000
0.482500000000000
0.482500000000000
0.482500000000000
0.482500000000000
0.482500000000000
0.482500000000000
0.482500000000000
0.933437500000000
0.933437500000000
0.933437500000000
0.933437500000000
0.933437500000000
0.933437500000000
0.921875000000000
0.921875000000000
0.921875000000000
0.898750000000000
0.898750000000000
0.898750000000000
0.898750000000000
0.898750000000000
0.898750000000000
0.852500000000000
1.10687500000000
1.10687500000000
1.08375000000000
1.08375000000000
1.08375000000000
1.03750000000000
1.08375000000000
1.08375000000000
1.08375000000000
1.08375000000000
1.08375000000000
1.03750000000000
1.03750000000000
1.03750000000000
1.03750000000000
1.03750000000000
1.03750000000000
0.945000000000000
0.667500000000000
0.667500000000000
1.13000000000000
1.13000000000000
0.760000000000000
0.760000000000000
0.760000000000000
0.760000000000000
0.760000000000000
0.760000000000000
0.760000000000000
0.760000000000000
0.760000000000000
0.760000000000000
0.760000000000000