0.0 0.796875
0.002500272555549171 3.25
0.01 7.78125
0.013613238700044656 8.375
0.016125790008198623 9.78125
0.02 10.859375
0.03 14.65625
0.04 14.8125
0.05 14.96875
0.060000000000000005 15.078125
0.07 15.203125
0.08 15.390625
0.09 15.59375
0.09999999999999999 15.828125
0.10999999999999999 15.9375
0.11999999999999998 16.34375
0.12999999999999998 16.4375
0.1325632211742993 18.828125
0.13509603508298504 19.46875
0.13999999999999999 19.578125
0.15 19.640625
0.16 19.8125
0.17 19.984375
0.18000000000000002 20.109375
0.19000000000000003 20.25
0.20000000000000004 20.46875
0.21000000000000005 20.703125
0.22000000000000006 20.796875
0.23000000000000007 20.921875
0.24000000000000007 20.984375
0.25000000000000006 21.125
0.26000000000000006 21.453125
0.2700000000000001 22.078125
0.2800000000000001 22.1875
0.2900000000000001 22.296875
0.2955555555555556 22.375
0.3000000000000001 22.40625
0.3055555555555557 22.5
0.3100000000000001 22.703125
0.3200000000000001 23.171875
0.3300000000000001 23.4375
0.34000000000000014 23.6875
0.35000000000000014 23.796875
0.36000000000000015 24.203125
0.37000000000000016 24.90625
0.37341607100409097 25.25
0.38000000000000017 25.453125
0.38433654485832014 28.390625
0.3900000000000002 28.78125
0.39360861330698327 28.96875
0.39737609778652205 30.34375
0.4000000000000002 30.71875
0.4100000000000002 31.125
0.41441555183946505 31.484375
0.4200000000000002 31.65625
0.4242035644667225 31.859375
0.4300000000000002 32.3125
0.43302631578947387 32.484375
0.4400000000000002 32.78125
0.44400586080586113 33.015625
0.4471435231435234 33.1875
0.45000000000000023 33.328125
0.4529826695044089 33.46875
0.456328033817515 33.578125
0.46000000000000024 33.75
0.46259259259259283 33.84375
0.46527966742252475 33.984375
0.47000000000000025 34.1875
0.4727771260997069 34.3125
0.47700862515094034 34.4375
0.48000000000000026 34.5625
0.48454481792717125 34.796875
0.49000000000000027 35.140625
0.4959704275193407 35.359375
0.5000000000000002 35.671875
0.5027724449463582 35.796875
0.5100000000000002 35.96875
0.5127619047619052 36.078125
0.5160662525879923 36.25
0.5200000000000002 36.453125
0.5233977272727277 36.515625
0.5265741978609628 36.5625
0.5300000000000002 36.75
0.532638888888889 36.859375
0.5356255221386801 36.953125
0.5400000000000003 37.125
0.543305263157895 37.234375
0.5463871345029241 37.359375
0.5500000000000003 37.53125
0.5532719270503902 37.625
0.556407781392127 37.703125
0.5600000000000003 37.84375
0.5640227970953782 38.0625
0.5668408956634768 38.265625
0.5700000000000003 38.53125
0.574003174603175 38.75
0.5768642857142859 39.03125
0.5800000000000003 39.1875
0.5832813355227151 39.4375
0.5869448596280095 39.671875
0.5900000000000003 39.84375
0.5927209546289015 39.9375
0.5961800984544248 40.125
0.6000000000000003 40.3125
0.6040373578874725 40.5
0.6067735897715304 40.65625
0.6100000000000003 40.875
0.61250519763135 41.046875
0.6154325734597302 41.234375
0.6200000000000003 41.453125
0.6242467272977816 41.609375
0.627267550542334 41.828125
0.6300000000000003 41.9375
0.6344207118468741 42.1875
0.6374493856819994 42.390625
0.6400000000000003 42.53125
0.644532652525894 42.71875
0.6500000000000004 42.96875
0.6532898706041125 43.03125
0.6563821067915959 43.234375
0.6600000000000004 43.4375
0.6645983067139903 43.546875
0.6674873017768986 43.640625
0.6700000000000004 43.71875
0.6747001338391536 43.875
0.6800000000000004 44.109375
0.6846969222778125 44.359375
0.6900000000000004 44.71875
0.6934124073935498 44.84375
0.7000000000000004 45.21875
0.7031726733246494 45.4375
0.7058778640966104 45.546875
0.7100000000000004 45.765625
0.7168218294051631 46.125
0.7200000000000004 46.3125
0.7237608888955871 46.53125
0.7300000000000004 49.265625
0.7372067307692309 49.484375
0.7400000000000004 49.609375
0.7467658034502104 49.953125
0.7500000000000004 50.0625
0.7553230652154214 50.3125
0.7600000000000005 50.390625
0.7649935064935068 50.484375
0.7700000000000005 50.671875
0.7744107142857147 50.8125
0.7800000000000005 51.03125
0.7851099903731488 51.1875
0.7900000000000005 51.453125
0.7925515947467171 51.484375
0.8000000000000005 51.71875
0.8100000000000005 52.046875
0.8149176003734832 52.21875
0.8200000000000005 52.421875
0.8254381868131876 52.671875
0.8300000000000005 52.875
0.8358809523809525 53.015625
0.8400000000000005 53.078125
0.8464522417154005 53.25
0.8500000000000005 53.359375
0.8600000000000005 53.59375
0.8700000000000006 53.890625
0.8733412698412701 54.0
0.8763398453398457 54.171875
0.8800000000000006 54.25
0.8900000000000006 54.515625
0.8953571428571431 54.609375
0.9000000000000006 54.734375
0.9057292609351436 54.90625
0.9100000000000006 55.203125
0.9200000000000006 55.515625
0.9300000000000006 55.84375
0.9345804195804203 56.0
0.9400000000000006 56.328125
0.9445114942528743 56.59375
0.9500000000000006 56.703125
0.9536276558690356 56.796875
0.9571498233567203 56.875
0.9600000000000006 56.984375
0.967342102342103 57.203125
0.9700000000000006 57.296875
0.9771666666666676 57.578125
0.9800000000000006 57.65625
0.9833333333333341 57.765625
0.9900000000000007 57.984375
0.9961661324786333 58.296875
1.0000000000000007 58.5
1.006666666666667 58.703125
1.0100000000000007 58.90625
1.0140501207729475 59.03125
1.0200000000000007 59.25
1.0258441558441564 59.40625
1.0300000000000007 59.53125
1.0348376623376634 59.796875
1.0400000000000007 60.0625
1.0435879629629636 60.203125
1.0473127104377111 60.390625
1.0500000000000007 60.5
1.054712301587303 60.796875
1.0600000000000007 60.921875
1.0630666666666673 61.140625
1.0700000000000007 61.34375
1.0729545454545462 61.5
1.0762184343434356 61.5625
1.0800000000000007 61.71875
1.0828205128205137 61.8125
1.0868397435897446 62.015625
1.0900000000000007 62.09375
1.0957619047619058 62.265625
1.1000000000000008 62.40625
1.1034090909090917 62.5625
1.1100000000000008 62.78125
1.1200000000000008 63.15625
1.1256739130434787 63.359375
1.1300000000000008 63.5625
1.1336025641025649 63.6875
1.1400000000000008 63.921875
1.1500000000000008 66.125
1.1534972677595634 66.203125
1.1572940311055069 66.359375
1.1600000000000008 66.453125
1.166535303776684 66.640625
1.1700000000000008 66.953125
1.1725416666666677 67.046875
1.1762559523809535 67.1875
1.1800000000000008 67.3125
1.1836965811965825 67.484375
1.1900000000000008 67.671875
1.1965177119628343 67.859375
1.2000000000000008 68.0
1.203200308463467 68.125
1.2064026894158482 68.28125
1.2100000000000009 68.34375
1.2137222222222237 68.625
1.2168595422665207 68.796875
1.2200000000000009 68.953125
1.2254834054834065 69.421875
1.2300000000000009 69.828125
1.2400000000000009 70.046875
1.2458750000000007 70.203125
1.2500000000000009 70.421875
1.255216787940193 70.765625
1.260000000000001 70.953125
1.270000000000001 71.125
1.2771553884711786 71.390625
1.280000000000001 71.453125
1.2848888888888896 71.59375
1.290000000000001 71.8125
1.300000000000001 72.015625
1.310000000000001 72.28125
1.3126739926739937 72.40625
1.3165409877478846 72.515625
1.320000000000001 72.578125
1.3229365079365087 72.625
1.330000000000001 72.8125
1.340000000000001 73.109375
1.3428469374428642 73.21875
1.3460048321797065 73.3125
1.350000000000001 73.6875
1.360000000000001 73.890625
1.3644924242424252 74.140625
1.370000000000001 74.390625
1.380000000000001 74.625
1.390000000000001 74.96875
1.400000000000001 75.203125
1.410000000000001 75.421875
1.420000000000001 75.5
1.4238571428571438 75.6875
1.430000000000001 75.8125
1.440000000000001 76.0
1.4450000000000005 76.15625
1.450000000000001 76.359375
1.460000000000001 76.625
1.470000000000001 76.703125
1.480000000000001 77.03125
1.4839550264550274 77.140625
1.490000000000001 77.375
1.4925529100529114 77.515625
1.500000000000001 77.640625
1.5100000000000011 77.96875
1.5200000000000011 78.421875
1.5300000000000011 79.578125
1.5400000000000011 80.03125
1.5445030901116432 80.265625
1.5500000000000012 80.578125
1.5532720057720069 80.734375
1.5600000000000012 81.03125
1.5700000000000012 81.3125
1.5800000000000012 81.65625
1.5900000000000012 81.8125
1.5955555555555565 82.078125
1.6000000000000012 82.234375
1.6100000000000012 82.5
1.612671568627452 82.671875
1.6167290552584677 82.828125
1.6200000000000012 83.0
1.6266978021978034 83.1875
1.6300000000000012 83.21875
1.6338127587991726 83.640625
1.6363602163440045 84.9375
1.6400000000000012 85.0625
1.6458733974358988 85.25
1.6500000000000012 85.390625
1.6541289051505783 85.53125
1.6600000000000013 85.640625
1.6656453634085222 85.734375
1.6700000000000013 85.890625
1.6800000000000013 86.234375
1.6900000000000013 86.6875
1.6926705604337207 87.078125
1.7000000000000013 87.71875
1.7100000000000013 88.28125
1.7200000000000013 88.671875
1.7242424242424255 88.796875
1.7300000000000013 89.171875
1.7366732503607512 89.34375
1.7400000000000013 89.46875
1.7431867580499179 89.59375
1.7473236628118227 89.8125
1.7500000000000013 89.875
1.7600000000000013 89.9375
1.7700000000000014 90.234375
1.7738753651784223 90.359375
1.777420388941917 90.59375
1.7800000000000014 90.734375
1.7847998350577305 91.0
1.7900000000000014 91.140625
1.8000000000000014 91.421875
1.8100000000000014 91.59375
1.8200000000000014 91.796875
1.8300000000000014 91.90625
1.8400000000000014 92.140625
1.8500000000000014 92.328125
1.8600000000000014 92.65625
1.8700000000000014 92.953125
1.8800000000000014 93.359375
1.8900000000000015 93.578125
1.9000000000000015 93.71875
1.9028571428571441 93.859375
1.9100000000000015 94.0625
1.91450746965453 94.390625
1.9200000000000015 94.5
1.9300000000000015 94.625
1.9400000000000015 94.765625
1.9500000000000015 95.265625
1.9600000000000015 95.65625
1.9700000000000015 95.953125
1.9752425548589359 96.203125
1.9800000000000015 96.421875
1.9861144105077948 96.796875
1.9900000000000015 98.78125
2.0000000000000013 98.921875
2.010000000000001 99.59375
2.020000000000001 99.96875
2.0300000000000007 100.046875
2.0400000000000005 100.265625
2.0500000000000003 100.453125
2.06 100.671875
2.07 100.796875
2.076624999999999 101.015625
2.0799999999999996 101.109375
2.0899999999999994 101.234375
2.099999999999999 101.671875
2.109999999999999 102.390625
2.1199999999999988 102.546875
2.1244841269841257 102.75
2.1299999999999986 102.921875
2.1399999999999983 103.140625
2.149999999999998 104.09375
2.159999999999998 104.390625
2.164061129568104 104.515625
2.1699999999999977 104.671875
2.1799999999999975 105.078125
2.184286189988286 105.578125
2.1899999999999973 105.859375
2.199999999999997 106.0
2.2037499999999968 106.09375
2.209999999999997 106.296875
2.2199999999999966 106.546875
2.2299999999999964 106.796875
2.233482142857139 106.875
2.2368912337662294 106.984375
2.239999999999996 107.171875
2.249999999999996 107.34375
2.259999999999996 107.515625
2.2699999999999956 107.625
2.2799999999999954 107.921875
2.289999999999995 108.15625
2.299999999999995 108.375
2.3099999999999947 108.625
2.3199999999999945 108.84375
2.3299999999999943 108.96875
2.339999999999994 109.125
2.349999999999994 109.53125
2.3599999999999937 109.890625
2.3699999999999934 110.34375
2.3799999999999932 110.53125
2.389999999999993 110.84375
2.399999999999993 111.109375
2.4099999999999926 111.421875
2.4199999999999924 111.625
2.429999999999992 111.890625
2.439999999999992 112.078125
2.4499999999999917 112.234375
2.4599999999999915 112.46875
2.4699999999999913 112.65625
2.4740277777777693 112.90625
2.479999999999991 113.0625
2.489999999999991 113.390625
2.493142361111101 113.59375
2.4999999999999907 113.84375
2.5045170454545356 113.96875
2.5099999999999905 114.171875
2.5199999999999902 114.59375
2.52999999999999 114.828125
2.53999999999999 114.96875
2.5499999999999896 115.34375
2.5599999999999894 115.421875
2.569999999999989 115.59375
2.5744444444444343 115.734375
2.579999999999989 115.875
2.585649882903971 116.046875
2.5899999999999888 116.484375
2.5999999999999885 116.65625
2.602597826086945 116.8125
2.6099999999999883 117.3125
2.619999999999988 117.46875
2.629999999999988 117.59375
2.6399999999999877 117.75
2.6499999999999875 117.828125
2.6526249999999876 117.984375
2.6599999999999873 118.390625
2.6649999999999867 118.484375
2.669999999999987 118.59375
2.679999999999987 118.75
2.6899999999999866 118.90625
2.6999999999999864 119.0625
2.709999999999986 119.34375
2.7169298245613875 119.703125
2.719999999999986 121.421875
2.72523809523808 121.578125
2.7299999999999858 121.828125
2.7399999999999856 122.03125
2.7499999999999853 122.125
2.756417231665377 122.4375
2.759999999999985 122.515625
2.769999999999985 122.734375
2.7799999999999847 122.84375
2.7899999999999845 122.90625
2.7999999999999843 123.078125
2.809999999999984 123.140625
2.819999999999984 123.234375
2.8299999999999836 123.3125
2.8399999999999834 123.578125
2.849999999999983 123.90625
2.859999999999983 124.0625
2.869999999999983 124.296875
2.874380818321064 124.765625
2.8772697072099533 124.84375
2.8799999999999826 124.96875
2.8869841269841103 125.0625
2.8899999999999824 125.09375
2.8953041114672993 127.09375
2.899999999999982 127.234375
2.905189465140105 127.5
2.909999999999982 130.765625
2.9199999999999817 131.765625
2.9248611111110936 131.875
2.9299999999999815 132.046875
2.9399999999999813 132.28125
2.949999999999981 132.359375
2.959999999999981 132.53125
2.9699999999999807 132.609375
2.9799999999999804 132.640625
2.9899999999999802 132.796875
2.99999999999998 132.921875
3.00999999999998 133.03125
3.0199999999999796 133.21875
3.0299999999999794 133.671875
3.039999999999979 133.953125
3.049999999999979 134.28125
3.0599999999999787 134.640625
3.063374999999978 134.828125
3.0699999999999785 135.203125
3.0799999999999783 135.40625
3.089999999999978 135.515625
3.099999999999978 135.921875
3.1099999999999777 136.140625
3.1151176470588005 136.3125
3.1199999999999775 136.484375
3.1299999999999772 136.546875
3.139999999999977 136.6875
3.143068181818159 136.78125
3.149999999999977 137.0
3.1599999999999766 137.28125
3.1699999999999764 137.6875
3.1753814302391863 138.3125
3.179999999999976 138.4375
3.189999999999976 138.734375
3.1935661764705636 139.09375
3.1999999999999758 139.328125
3.2099999999999755 139.5
3.2153869047618797 139.671875
3.2199999999999753 140.015625
3.229999999999975 140.125
3.239999999999975 140.515625
3.2499999999999747 140.78125
3.2599999999999745 140.890625
3.2699999999999743 141.125
3.276529581529556 141.359375
3.279999999999974 141.5
3.285890681003559 141.71875
3.289999999999974 141.890625
3.2999999999999736 142.1875
3.3099999999999734 142.5
3.319999999999973 142.609375
3.32266666666664 142.703125
3.329999999999973 142.859375
3.3399999999999728 145.46875
3.3499999999999726 145.6875
3.3528078817733706 145.78125
3.3599999999999723 146.0
3.369999999999972 146.40625
3.379999999999972 146.640625
3.3899999999999717 146.90625
3.3966666666666385 147.046875
3.3999999999999715 147.578125
3.4031978021977745 147.75
3.405847795387599 149.0
3.4099999999999713 150.078125
3.4128057274802965 150.578125
3.415771604616356 150.765625
3.419999999999971 150.875
3.429999999999971 151.21875
3.4399999999999706 151.484375
3.4446618589743303 151.71875
3.4499999999999704 152.359375
3.45999999999997 152.609375
3.46999999999997 152.765625
3.47999999999997 153.140625
3.4845971293199263 153.421875
3.4899999999999696 153.828125
3.4999999999999694 153.9375
3.509999999999969 154.15625
3.519999999999969 154.59375
3.5299999999999687 154.90625
3.5399999999999685 155.125
3.544877052246647 155.625
3.5499999999999683 156.75
3.559999999999968 157.109375
3.569999999999968 157.5625
3.5799999999999677 158.078125
3.5899999999999674 158.328125
3.5999999999999672 158.625
3.609999999999967 158.734375
3.619999999999967 158.859375
3.6226818181817846 159.0
3.6299999999999666 159.890625
3.63624125742301 160.359375
3.6399999999999664 160.53125
3.649999999999966 160.78125
3.6527111111110777 160.9375
3.659999999999966 161.703125
3.6699999999999657 161.984375
3.6799999999999655 162.171875
3.6899999999999653 162.3125
3.699999999999965 162.40625
3.7071111111110757 162.578125
3.709999999999965 162.703125
3.71379428571425 162.9375
3.7165150674888077 163.484375
3.7199999999999647 164.125
3.7250526097762684 164.4375
3.7299999999999645 164.953125
3.7399999999999642 165.34375
3.746822916666632 165.5625
3.749999999999964 165.953125
3.7534783219086183 167.125
3.75605007769739 167.40625
3.759999999999964 167.53125
3.7699999999999636 167.703125
3.7799999999999634 167.84375
3.784083333333297 167.984375
3.789999999999963 168.15625
3.799999999999963 168.328125
3.803205128205091 168.4375
3.8099999999999627 168.53125
3.8199999999999625 168.671875
3.8299999999999623 168.875
3.836159090909053 169.078125
3.839999999999962 169.265625
3.8432916666666284 169.390625
3.849999999999962 169.609375
3.8599999999999617 169.71875
3.8661215538846734 169.859375
3.8699999999999615 169.984375
3.8799999999999613 170.390625
3.889999999999961 170.734375
3.8948571428571044 170.828125
3.899999999999961 170.875
3.9099999999999606 170.953125
3.9199999999999604 171.21875
3.92999999999996 171.46875
3.93999999999996 171.609375
3.9499999999999598 172.046875
3.9599999999999596 172.28125
3.9699999999999593 172.515625
3.979999999999959 172.78125
3.989999999999959 173.046875
3.9999999999999587 173.203125
4.009999999999959 173.3125
4.019999999999959 173.484375
4.0299999999999585 173.859375
4.039999999999958 174.359375
4.049999999999958 174.625
4.059999999999958 174.828125
4.069999999999958 175.265625
4.079999999999957 175.546875
4.089999999999957 176.09375
4.099999999999957 176.359375
4.109999999999957 176.453125
4.117083333333289 176.625
4.119999999999957 177.0625
4.129999999999956 177.296875
4.139999999999956 177.5
4.149999999999956 177.640625
4.159999999999956 177.828125
4.1649170829170385 177.9375
4.1699999999999555 178.078125
4.179999999999955 178.21875
4.189999999999955 178.546875
4.199999999999955 178.890625
4.209999999999955 179.109375
4.2199999999999545 179.3125
4.229999999999954 179.5
4.239999999999954 180.484375
4.249999999999954 181.3125
4.252698412698367 181.34375
4.259999999999954 181.515625
4.269999999999953 181.703125
4.275068181818134 181.84375
4.279999999999953 182.015625
4.282538461538414 182.046875
4.289999999999953 182.28125
4.292633928571379 182.375
4.297385094198458 183.28125
4.299999999999953 183.640625
4.3099999999999525 184.90625
4.319999999999952 185.046875
4.329999999999952 185.140625
4.339999999999952 185.1875
4.349999999999952 185.390625
4.3599999999999515 185.46875
4.369999999999951 185.546875
4.379999999999951 185.59375
4.38285156249995 185.75
4.38651939739949 186.015625
4.389999999999951 186.203125
4.39688223938219 186.3125
4.399999999999951 186.34375
4.403253968253918 186.4375
4.406938178780233 186.578125
4.40999999999995 186.625
4.415199456975723 186.765625
4.41999999999995 187.015625
4.42999999999995 187.234375
4.435756164125675 187.375
4.43999999999995 187.734375
4.444653594072086 188.015625
4.4499999999999496 188.1875
4.459999999999949 188.53125
4.469999999999949 188.65625
4.479999999999949 188.9375
4.485555555555505 189.015625
4.489999999999949 189.109375
4.4999999999999485 189.296875
4.502719402472477 189.59375
4.506638450091526 189.84375
4.509999999999948 189.9375
4.519999999999948 190.125
4.52285714285709 190.21875
4.529999999999948 190.421875
4.534242424242371 190.609375
4.539999999999948 190.703125
4.549999999999947 191.109375
4.559999999999947 191.3125
4.569999999999947 191.4375
4.579999999999947 191.59375
4.589999999999947 191.75
4.599999999999946 192.234375
4.607074055330577 192.421875
4.609999999999946 192.515625
4.619999999999946 192.84375
4.6255661514463435 193.09375
4.629999999999946 193.25
4.6399999999999455 193.375
4.649999999999945 193.78125
4.659999999999945 194.046875
4.669999999999945 194.65625
4.679999999999945 195.125
4.684615351972589 195.4375
4.689999999999944 195.78125
4.699999999999944 196.109375
4.703692810457461 196.21875
4.709999999999944 196.46875
4.712545899409631 196.828125
4.715695683713596 197.046875
4.719999999999944 197.171875
4.729999999999944 197.3125
4.739999999999943 197.953125
4.749999999999943 198.34375
4.759999999999943 198.671875
4.763488529014789 198.875
4.769999999999943 199.0
4.7799999999999425 199.265625
4.7845939332997585 199.5
4.789999999999942 199.71875
4.799999999999942 199.921875
4.809999999999942 200.0625
4.819999999999942 200.234375
4.8299999999999415 200.40625
4.839999999999941 200.703125
4.849999999999941 201.046875
4.852615017361051 201.53125
4.859999999999941 201.9375
4.869999999999941 202.203125
4.87999999999994 202.390625
4.88999999999994 202.625
4.89999999999994 202.75
4.90999999999994 202.921875
4.9199999999999395 203.15625
4.929999999999939 203.359375
4.939999999999939 203.640625
4.949999999999939 203.921875
4.959999999999939 204.09375
4.9699999999999385 204.40625
4.979999999999938 204.609375
4.989999999999938 204.828125
5.0 205.0625
